59523
57359
5339
36041
47140
13047
50753
52790
55852
40158
10085
47538
38268
46990
21153
27464
48447
652
51595
9050
63004
62329
50929
2229
26265
20957
48834
19072
55012
21365
31175
61292
63634
42818
37478
4911
56147
9431
50044
52084
13234
8039
41463
41497
31249
43230
35136
54456
48185
14718
37444
22196
53182
60324
37586
57802
30760
42389
5857
28562
11416
14913
42027
61880
7943
64312
65438
48327
38581
61281
51352
8469
41993
19322
6838
32413
31092
22698
18609
18696
53517
64331
14296
12224
55351
45664
58955
31546
56051
23438
39072
9731
45045
27737
18646
6703
48600
21665
8643
23669
31911
25631
1062
21263
60377
42120
24664
39483
43250
30823
31852
46983
44154
8185
53796
18620
62380
47911
7268
60904
17291
30477
60446
18612
17935
7192
52960
30070
57689
53475
14394
7247
36250
52178
18278
38701
22232
16222
33644
58
24331
30922
64285
21466
41496
58164
53713
44979
29888
38059
21042
164
45034
22045
59019
54578
44424
56979
7208
15724
33340
17833
52118
56762
812
40809
25695
48781
64229
21996
46591
6315
16803
58269
32365
35616
30443
10652
44883
19266
36623
30518
63294
19442
11537
61014
19284
48997
3535
11899
14173
231
3465
2160
61320
6360
25597
23493
54435
17948
21639
13882
4221
55102
55839
32123
4552
48059
43975
19921
44774
28271
5248
37430
43778
50622
34482
60669
55033
62779
43444
23203
6894
22069
49561
13602
38803
14909
49100
60653
15378
5909
59434
44031
5595
31893
16086
5716
2114
34932
9181
12028
25205
545
37746
56455
24090
37898
18004
45955
47153
47274
36342
33133
60228
48399
6433
20604
43655
56312
63963
65068
14264
43555
48433
44126
27765
15356
25907
21480
49230
13892
8635
28553
50463
61284
26049
42853
15232
35543
39667
1399
18400
47206
44877
34031
40389
28234
4311
27199
20212
54825
36778
10454
23439
17682
26299
9161
32215
34222
34690
10798
1976
52939
34167
4838
19354
447
58238
34596
40619
64553
553
58461
30208
41390
55131
12636
20270
58209
49786
23691
49907
58969
62607
22144
54991
14242
45227
13491
35756
25288
34183
23686
37588
60053
48707
50006
1900
26060
14153
1237
50848
63187
60999
52134
33426
6528
1852
22460
14497
58382
32239
38965
30961
23391
55757
46201
34301
60423
44376
37060
61042
57101
45828
53485
25175
41395
26254
20212
49753
43841
27717
47477
11833
30479
58773
36013
31335
31785
19392
24035
62727
7601
38070
18308
40910
61864
48450
27538
50514
19286
45789
55072
40519
20601
48294
27768
379
23218
24694
25989
43797
53080
28161
51403
37842
17674
38086
48249
11334
9471
22920
45549
8069
12213
29898
7904
4544
13913
20337
32778
46884
50508
22080
49416
14195
27681
32369
12181
52199
34628
54016
19528
21474
400
32451
57122
34887
65237
46090
13
10919
32909
33448
31636
42229
917
20678
19592
37999
39848
58695
4917
49290
53363
2514
55287
14683
41233
6220
51335
32553
38641
22097
2014
50462
60716
49926
41264
55358
54704
18738
2205
20052
50434
52889
15901
36271
64704
26580
18960
63748
8701
61879
55978
56422
34387
55670
44003
52275
32334
25311
45529
11215
51536
29641
25766
44794
43230
14698
7997
3073
19058
59858
49558
58707
7958
54209
46473
64900
30643
13051
61322
39864
30695
28082
27676
32739
7237
321
41462
1901
18386
1176
23634
24193
40602
21030
37375
452
1759
63125
40932
8670
36351
36775
49764
7814
42808
42146
8980
30613
23442
38903
49578
21282
42800
14631
5900
43889
17486
36395
25873
8449
42765
31082
51281
21629
55489
46218
19646
33746
48341
41531
38438
48507
7924
49732
935
12605
59542
52236
33792
44984
33218
39200
63995
43231
14292
48428
47082
5806
64449
59605
37227
2543
29614
24390
8600
25216
58096
13259
55306
57434
38634
21579
48283
47482
41031
46032
35153
27928
931
62767
14419
27309
52957
63150
1325
46293
43071
2048
43159
43175
20998
25082
63012
38947
23005
9002
48288
28660
1957
16119
24281
27047
58431
34636
27723
58057
57094
1267
64328
24220
39684
11235
22281
60814
5234
8539
21350
18445
34662
17174
55054
5849
51958
39589
2624
60270
35727
38151
44708
40025
36381
8730
24936
49153
59982
28072
49944
58036
38626
17606
8277
43098
64250
37995
11506
33850
19575
14103
21242
32639
41291
13902
64222
17775
19681
21247
53680
30212
36498
49943
34245
22528
13379
65220
25772
31486
53457
19228
6192
742
17416
59031
63514
3381
57882
18888
48168
15077
16318
11456
23197
57909
7737
41137
22379
33385
49251
27241
35781
15721
39724
33634
21737
31938
40608
32276
2869
17591
34564
729
40982
10165
58642
20438
48924
34612
39860
11758
31433
26143
51552
6551
51329
62462
32215
61650
36940
2565
16584
13125
64481
33881
50018
11816
25294
18346
16541
3931
23451
61206
12517
37562
36668
43084
17855
12933
59120
62697
19339
57851
57456
14134
32401
14895
7580
32574
22536
5360
194
49262
25255
397
47369
16398
30136
47232
25659
9802
62605
22695
36931
54527
31543
32616
19034
4887
59262
13851
65189
63638
17640
54924
28735
47499
35834
27415
42934
28838
7778
47497
8873
31157
30616
19530
39639
21836
18665
25416
61011
43232
20204
22055
49444
31901
62626
24599
14253
40607
44191
5015
64996
47445
64055
63268
37457
15070
63914
37476
38733
21468
7607
24374
10775
47314
23083
27723
3411
24333
46964
10093
46258
10181
41840
11043
52261
17503
11283
11118
34179
47139
38506
28080
14628
1548
54636
21975
2504
37924
31251
2529
32778
33909
18435
23058
3318
28587
50320
50838
58914
1331
52945
48120
22609
32497
50314
34049
7969
1443
57816
52464
41562
4742
56879
37371
5983
32991
24541
41610
150
12380
40888
18061
56284
49639
30130
13592
4978
40125
23783
35760
41118
7474
61750
34048
42139
16289
48836
38272
56379
18837
24786
24163
19280
26715
29943
63083
34574
29650
34700
35571
63476
52627
46485
55676
25083
39095
53951
45266
17263
10128
5842
23826
28341
6652
12808
10514
63651
43816
51765
445
9982
38110
2062
62447
40441
2957
8544
55989
26381
57644
46565
8944
54401
2540
43806
34465
23564
62118
2577
37936
35803
23242
37666
24787
16431
22582
47965
44192
63084
59585
46813
47716
35427
59966
8052
26111
36345
4635
65094
18009
24609
25711
25165
6060
64672
22900
1233
29219
35831
44513
994
64141
50687
30247
42823
