30607
60585
22195
24725
59983
21043
22886
63091
21148
29383
63040
21185
24230
58605
21463
22425
64752
22112
27043
57550
22258
29656
58335
21369
29666
57881
21321
25131
61745
22087
32246
56132
21709
24993
63527
20762
32117
60897
21196
33078
63551
20925
34178
56868
21410
33808
59843
20906
33554
62770
21927
23823
57813
21300
26840
61527
21090
31832
58332
21099
26062
59630
22194
27124
63584
21044
23557
59063
20762
28159
61894
21090
32594
57198
20822
27991
64291
20832
24250
57087
21423
26515
62323
21947
26082
60592
21093
27576
61685
21756
26867
62622
21990
31653
55428
20984
32436
59444
21299
26045
56459
21731
24810
64604
21018
32934
62318
21920
26700
58991
22084
26395
63129
21027
33965
56158
20985
25294
62298
21073
33418
57648
21205
28305
57606
21019
30273
63399
22036
28308
60128
22150
30460
59394
21204
29831
57309
21220
30077
62251
21499
33271
58756
21373
30935
62819
22027
25640
57826
21343
33576
56343
21536
33236
57421
22126
22881
57058
21400
22354
56800
21560
31690
55742
21494
25413
63701
21972
33619
57820
21106
32156
56154
20848
33603
62076
22157
24376
55394
22193
33596
60330
21680
27431
57473
21420
29359
57419
21765
33518
56285
21038
30798
60176
21474
24982
62706
21079
27505
58134
21463
23610
64393
21746
27729
56059
21898
22572
55056
21697
29264
61858
22143
32599
57874
21184
24941
55223
22054
25560
56862
22026
28883
58271
22036
26190
60525
21456
24375
56135
20842
27490
63021
21413
30171
56028
20854
28926
58012
21942
30994
61161
21715
24274
57970
22107
22508
63752
21567
32509
59661
21233
22299
60486
21610
30933
57069
21429
30804
55601
21975
28472
61322
21245
22326
56735
20915
28172
56808
21806
33424
59558
21167
26792
62388
21029
30950
57332
20979
27171
57033
21561
23449
64591
22225
33841
62427
22177
32778
63136
21211
30307
62427
20953
22869
56364
20769
23598
55910
21047
32816
59868
21085
29776
59558
22115
26244
59448
22047
32105
64335
21927
26400
58934
22204
26130
64341
21326
34157
58776
21042
30277
62803
21726
24812
58006
20769
31861
58461
21321
24314
62811
22182
25999
60587
20767
29368
56477
21301
32187
57395
22145
25423
58433
20893
27068
55373
21838
31396
60549
22137
25265
55625
21746
29217
57436
20751
25219
56698
21866
23831
60089
21748
33224
56000
21676
24024
59634
22156
30256
63989
21280
26336
63386
21104
32041
55187
21499
33770
64435
22241
33189
57811
22134
29522
58949
21784
25110
56445
21745
23306
60109
21213
25651
55731
22176
32143
57302
21131
31370
57255
21410
29080
57175
21496
26297
56991
21780
22456
59930
21051
23662
56603
22225
32365
63723
20956
28046
63571
20940
27416
57382
22147
33008
63677
21279
29356
57849
21390
29296
58563
21534
33750
58887
21741
22363
61078
21869
31495
56498
20739
22496
57170
21033
29522
64104
20990
27944
60585
21900
28244
62589
21833
34272
61182
21122
33839
55261
21223
29014
55966
21431
31748
55125
21849
32575
60599
21519
29536
55310
21452
29081
57211
21154
28550
60121
21498
27216
59957
21071
32630
62342
21469
32988
55796
22173
23718
64732
20927
26892
56816
21376
25695
61676
21521
33503
63605
20938
23411
56064
20977
30617
62085
22131
33963
61317
22143
30034
61615
21253
32345
55467
21132
23265
59792
21383
29563
59240
22077
32724
61670
21343
31069
62960
21608
29285
55821
21686
27267
63465
20756
22603
58400
21858
29004
62814
21951
24615
58550
22159
29283
58022
21315
29557
59220
21078
32398
59359
22042
28026
60111
21241
24794
61099
21748
22326
62613
22080
25485
57007
21973
32976
60471
21592
32668
56034
22033
31971
55983
21187
30372
62047
20962
29488
59138
21244
30982
59856
20794
25024
57153
21735
29164
56100
22252
28958
56183
21657
32010
62101
22095
26621
58023
21145
32239
61907
21043
27018
57216
21751
22573
56411
21906
29845
60325
22175
23723
58112
21053
26148
62293
20903
33629
61567
22176
32499
62120
21802
30412
60331
22180
30757
55224
21751
24867
58488
21475
31103
60123
21192
34111
59084
21755
32535
56487
22252
26240
57558
22172
28572
61542
21968
28896
59848
21195
23810
56625
22054
27669
61820
21490
27237
61647
20822
22739
61844
22267
25894
62023
21159
22313
63826
21504
30645
62743
20923
31364
59619
20875
31005
63089
21309
27749
60770
21243
28000
63727
21213
23591
58731
20887
30546
60759
21439
30588
61055
21666
26190
56342
20789
28945
64296
21106
25068
57883
21487
33060
59928
21841
23609
62749
21851
27093
55990
20780
33161
56531
21606
23293
60084
22014
31669
62907
21774
29480
61643
21203
31415
58642
21307
26499
57368
21674
25455
56454
21967
22503
59600
21128
33569
64559
20799
26659
62983
21062
23019
61223
21613
33996
56267
21820
25010
60156
21653
27689
57802
22224
34247
63526
20891
32583
58334
21735
23294
60948
21215
32242
57369
22238
31419
57581
21478
33711
58601
21983
32151
56153
21207
31175
62927
21181
27822
58829
21824
25832
56540
21723
28562
63402
21161
26892
61600
21922
31498
59257
21551
24511
58827
21535
25559
62017
21541
22393
62335
22147
31758
60629
21864
27375
60091
21922
22701
60163
21428
32416
63293
21243
32171
64245
21636
28923
62555
21159
30085
60506
21078
29745
59504
22140
31704
56029
21210
26794
57548
21597
33348
62817
21631
32214
61080
21104
32529
60428
21544
31848
60302
20742
26888
64148
21378
25510
62451
22221
33384
64297
20996
30989
56940
21956
29440
62335
21072
28686
55189
21574
32829
63996
21707
24352
64526
22251
26282
59388
21636
30864
63844
21133
24315
61823
22114
23926
59948
21614
31693
60660
21180
25864
63841
21448
22866
64696
21672
30638
56480
21874
27866
55463
21944
30451
60429
20913
30700
63046
21782
28494
62624
21075
30799
55659
21166
29272
58648
21266
26242
55242
21021
25586
63688
21242
23787
61973
21694
24332
56517
21840
27112
59320
21679
27099
57643
21476
34041
62546
21084
27510
58728
20781
28851
60585
21145
31588
62228
22167
31340
59883
20853
22364
58476
21371
26699
62375
21413
29330
56638
21361
25854
61692
21207
30750
59422
21738
23857
63080
21236
25002
58564
20967
32689
22147
45241
23581
22052
48809
24161
22212
48659
29016
21368
52046
26667
21649
42874
32827
21368
43480
26813
22020
53441
25440
22051
51757
28022
22173
52288
26899
21475
51969
24483
22255
41968
22751
21623
45207
32749
21948
41920
32913
22009
40493
29414
21505
42917
22870
22244
7816
32670
20863
18181
27026
21730
5350
29774
22242
6545
23199
20868
8757
25837
21202
9838
27065
21609
17593
30676
21442
13000
32922
20935
14821
25393
22243
15346
31647
21050
19073
27195
21388
18132
27660
21672
15778
32701
21630
13051
31831
21306
5592
22903
21965
15719
27332
22200
15084
25260
21965
19848
34074
20967
20193
27547
21332
18912
31112
21471
13356
26909
20967
17530
28124
20770
6892
25003
21425
20261
25491
21320
8508
27944
21408
7322
31782
21849
7577
23061
21827
20224
30241
22194
7106
23171
21247
9239
25729
20949
6714
32769
22255
18344
29066
21724
14969
29162
20969
7699
23097
21531
9786
30757
21486
15906
33410
21093
7933
26874
21590
10207
34066
21713
5288
34204
21842
15862
33940
21844
6753
26988
21412
20530
32574
21026
16718
27384
21513
5252
30641
22266
7017
24665
22234
15757
33323
20908
18873
28852
21444
15016
31921
22254
12498
31876
21993
12671
29993
21617
20153
23366
21102
17347
33763
21603
7032
30369
20975
11252
30237
21700
5173
22904
20857
4870
29490
21324
9045
27694
20991
7114
31735
21677
20458
29834
21146
18538
26890
20745
7908
24415
20746
6610
30695
21156
9991
27870
21006
17093
27651
22152
9391
30024
21657
11472
31891
20916
8691
33494
21668
5842
23157
21056
17896
29489
21706
16742
27613
20985
15404
31671
22046
13099
25095
21555
14777
32861
21889
8567
33286
20773
20528
31711
21520
20302
22487
22072
13022
31810
21257
9211
23224
20884
10985
22593
21168
11092
22313
21397
9891
27141
21690
18033
33591
21609
14254
34196
20780
4664
28489
21556
11023
27743
22174
4670
24841
20997
18706
33281
21709
14276
34185
21754
19766
28766
21049
15062
24903
20896
12102
33047
21171
13224
24527
22044
19125
30517
21095
16562
23327
21661
11164
26928
20821
14855
28899
21413
12173
25469
20981
5016
32335
21047
14295
32775
21091
6820
23657
22179
4742
26691
21454
5583
26728
22166
6147
27957
22202
17519
23381
21944
15887
28184
21740
18811
29408
21888
15933
29401
20986
19257
30019
20807
12791
26032
21557
17281
31237
22149
13717
29918
22044
9417
28822
20932
20169
24816
21116
13876
25526
20789
19956
24653
21978
8577
34138
21877
4929
31791
21978
6903
32687
21536
18910
23159
22217
15966
30621
21674
17754
23807
22035
12613
24188
21941
13000
22778
21834
8290
23161
21357
12551
27989
21464
12959
24600
20812
7551
31807
22017
20661
27978
22191
6364
22137
20000
39905
21687
11777
34902
21143
8620
35791
22114
17526
37191
21980
19302
34437
21741
12170
36307
21486
14478
35277
21948
19638
36899
22213
13476
34673
20860
16739
36359
21696
13385
36041
22057
5189
37100
21463
17185
37419
21078
17906
37632
21909
12462
35413
21539
17030
37838
21607
7309
37890
20845
13079
36844
21329
8722
37578
21985
17028
37439
21112
19365
34527
21033
17176
37208
21089
7762
38949
22149
20560
35679
21114
12586
34922
20746
6802
36715
21727
14259
35824
20942
11682
39724
21730
17961
39330
21937
16750
37559
21271
16699
36832
22083
20474
37471
21532
18098
39624
21573
19278
38831
21354
5900
36953
21904
19398
36149
21411
16718
37667
21765
11318
37651
21697
19134
40159
20865
11986
39552
20794
20129
34562
20947
10975
39749
21508
17004
38050
22159
8911
39010
21820
15256
37528
21256
14486
35781
21998
9105
38814
21811
5710
36428
21029
8525
37809
20987
14575
37485
21854
12791
36886
21762
7255
35960
21826
17398
40309
20792
19688
39124
21629
10906
38638
21422
7226
36812
21579
11587
38319
21551
11956
35623
21716
16945
40331
21949
13264
36893
21524
5213
34304
21407
16546
35568
22269
9126
38871
21358
17250
36898
22262
4738
38942
21911
6704
36098
22175
20692
38547
20776
11960
34677
22101
16756
39655
21048
12831
34318
21375
15085
36994
21410
6044
37321
21934
17977
38415
21780
9132
37995
20976
17871
37848
21805
13381
35544
21594
16783
36843
21670
18366
35606
22258
16864
37947
21967
10838
40276
21066
13382
38111
20745
5556
35289
21907
13207
34905
20868
8277
36931
20835
6715
39227
21813
19290
34513
21316
13019
34353
20824
6703
37545
21763
17914
35903
22225
20051
37721
20768
10050
37318
21639
6049
39338
22052
12030
37859
21908
9162
39327
21125
12366
35437
21638
11267
35430
21542
14662
39387
21499
7381
34509
21286
18004
38580
21656
17105
35196
22196
19538
34400
21231
7665
38367
22022
6405
35537
21824
20685
38667
21907
10161
35794
21986
14664
34599
21964
10497
37169
22220
18909
36458
22063
5876
35676
21530
14535
38895
20892
8957
36446
21296
7404
38116
21777
14242
36366
20916
16557
39430
21543
20136
39340
20805
19435
35974
27866
21670
20545
24244
20802
8968
28433
20996
11427
31511
21662
17551
32093
22068
7368
29163
21669
9543
24565
21104
18030
28802
22033
17655
22927
21033
16502
26860
20845
15824
25214
21036
14118
31805
21095
4985
25433
21331
18455
27611
21926
14662
30090
22226
13685
23166
21318
16476
28814
21604
7615
34129
21874
5725
28260
22256
13204
22358
21845
13837
23194
21246
13014
31076
22024
15869
25725
22055
9997
32047
21519
9416
31400
21444
15284
30554
21627
20234
29701
22184
12553
32095
21838
10376
30452
21950
12854
30363
21007
4822
32558
20853
18788
27369
20906
4871
29896
21492
19361
28085
21847
10239
25450
21378
15997
25523
22018
14693
32879
21447
14615
34082
20771
13001
22766
22215
11367
30042
21358
17831
26348
22146
17004
33364
21789
14842
31263
22045
15519
28306
21272
8841
24244
20785
12207
23909
21065
17610
34262
22244
16322
27804
22103
18666
22551
21390
13366
33976
21070
13422
23980
22137
13827
33423
21653
14732
31112
21443
9630
29559
20952
17941
31972
20747
6349
24101
22072
13575
27159
20877
7686
27227
21906
16102
24820
21334
17500
26650
21159
8099
31712
20777
15691
33581
20960
12669
23534
20988
12659
23464
20850
6750
23865
21374
16088
30079
21274
7964
27132
21673
9788
31085
22091
18722
26494
21884
17180
33433
20890
7768
28785
21579
15705
32602
20757
20052
24860
21358
17723
27332
21435
17995
30377
21926
8546
27318
21703
7189
30933
21860
10409
23490
21669
7597
32041
20773
5353
31411
21432
8093
29771
22053
10668
26705
21893
18748
27145
20792
6209
30639
20956
15421
27222
21045
14107
30866
21622
5710
25712
21878
5386
31291
21831
6844
22538
22234
19717
34178
21770
10300
31087
20926
15759
31569
22183
16910
31395
22205
12909
33685
20964
18220
31381
21429
6824
23195
21064
14968
33435
21471
8175
29453
21161
18061
29739
22259
5842
22657
21136
17709
32373
21269
6418
22830
21134
17757
29080
22118
16336
28038
21358
13293
26422
21681
13814
26956
20952
10492
30224
20881
19300
33137
21062
5194
33122
20747
14508
26349
21181
5904
21053
19006
34964
21164
8506
35551
20761
10463
37635
22011
15879
37087
21834
14713
34442
22143
8551
36281
20983
6801
37809
22252
19072
35555
21565
18477
34731
21749
10653
34456
21382
6737
36291
21753
9566
39136
21629
12826
34412
20852
15243
37159
21545
15071
36976
21856
5364
34491
21820
7960
36131
21816
8368
39710
21539
4954
40331
21220
13957
39947
22037
18324
38047
21961
6358
38330
21673
7533
37958
22230
16265
36374
21643
5187
38342
21775
18922
39897
21326
17960
40367
21009
19241
39205
22266
19013
39344
21635
7541
34697
21176
5024
34934
21069
14887
39445
21156
19364
38052
22011
6113
36993
21628
20514
38386
22249
18605
37520
21244
12886
37059
21717
9942
36529
21750
8835
38529
22078
13544
38138
21087
10083
37652
21218
14235
37737
20761
5270
34479
20802
4657
38106
21794
16471
36481
22097
6327
36332
21643
4952
35527
21065
6495
35409
22136
19795
36709
21177
6989
37245
20998
14125
37209
20865
4862
38126
21594
18299
39409
21672
12755
40152
21981
7473
39024
21593
11778
35547
20863
10027
38097
21943
8642
38540
22071
11912
38013
22144
15413
36525
21091
10512
37180
20897
16864
37846
21177
8156
38039
21013
16938
40037
21474
17232
34397
21266
7356
37001
21800
20254
38262
21143
16815
37093
21272
45908
7908
21873
47907
10836
21736
45986
17741
20973
51651
20165
20910
54220
10732
22142
43422
6626
22237
49573
8404
22012
47976
19779
22109
53937
13068
22046
46763
10545
21901
53096
17516
21203
53146
8797
21844
46835
5641
21896
46552
6725
21070
40547
5848
21181
51817
17938
21722
48341
14725
21743
52665
19038
21114
50839
17532
21928
54181
5231
21732
43106
19339
21110
54837
11223
21234
46020
10511
22032
53657
6010
21291
53308
18010
21041
52985
17267
21794
40868
9319
20814
51900
8072
22106
49200
8893
20793
43657
15692
22245
46864
9588
21451
40464
18811
22118
50884
15130
21104
47162
5574
47216
16897
35624
51632
7381
37850
43487
19280
37336
41203
14060
36144
42412
14824
36319
52484
6799
36106
43919
11826
39595
40535
18783
39068
47919
5144
39866
45636
10169
37678
44595
17196
40204
54025
5427
39723
52259
12974
34995
40952
15791
37169
43524
19826
39055
43406
17102
39470
54995
8369
37680
44203
10647
35632
42665
6704
38536
49047
19700
37249
48557
6565
37593
44471
20176
35918
49808
20050
38902
51161
6985
38677
46754
13284
37861
49436
17043
34440
53367
16575
38236
46005
12740
36567
42345
12916
38517
46069
9015
35715
54360
12135
39787
42277
4951
34820
49910
5879
34904
50849
12258
36467
44753
19397
35577
42134
16275
38860
44006
7309
39465
49210
19912
39900
45402
5495
35443
53776
18490
35391
47962
9204
37805
42199
9868
40409
52914
8878
38773
45812
18798
36539
43555
17713
38254
43944
19100
35845
52400
6137
36248
52557
13133
35920
41852
9725
38273
42369
14927
38795
49321
16554
35196
48016
8269
40038
52452
9524
34873
44130
17415
35946
53322
8138
39705
48924
12719
35991
54659
10124
38986
42864
13919
40308
52073
15092
37266
51539
19583
37915
41766
4905
38126
46424
9707
39687
40651
13135
36424
53757
14078
35073
45840
20497
40264
48750
13971
37300
49930
9950
37614
52222
9817
39572
51039
7720
35853
43514
18268
35002
54499
7569
34810
54456
7756
35020
43318
11034
36750
52783
7945
39305
49318
16818
36963
46710
17321
38050
51928
5501
34340
43073
10199
39047
54269
5422
38736
49875
4756
35968
46260
17323
34831
48688
19320
35814
52029
5830
34799
40601
5316
39250
47573
18411
35285
42616
6536
40325
40457
12592
36593
40870
14604
39220
45146
11025
35003
48432
11304
37050
49429
15556
34384
51137
10518
34760
40452
17622
38944
45517
16802
34524
43720
16885
40046
54138
20245
39969
44466
9278
37617
52392
11317
35309
54608
5507
35885
47831
9315
35683
47562
17033
39713
52740
20474
36440
49929
19512
38160
50251
4942
36159
52355
18321
38757
42646
12419
39936
41478
9859
37868
46994
5783
36460
46022
16010
39222
46195
10481
35683
46346
19807
38835
43083
8575
34664
48424
17605
39641
47273
18135
35307
53881
19321
40064
53170
15324
38695
44215
8922
36672
42416
7855
37912
44359
16596
38074
51070
6692
34711
54732
9709
36775
44607
18717
38048
53299
7916
37224
42234
17284
39233
47638
6468
34992
54695
17533
40285
40776
14615
35972
54075
14164
36626
46398
6237
37721
49355
8263
36774
50111
15729
39653
52054
5057
35191
47911
17315
39011
59029
47303
19461
61085
53963
10075
59139
47621
12709
59849
54928
18880
63421
51148
15009
56909
49276
6605
59352
43701
9309
58027
45043
15085
61949
52065
5021
61739
54851
20730
56209
46512
8453
57595
43733
13847
62173
45400
15744
56199
51134
9418
57188
53803
15796
60410
43335
13406
55519
51313
4698
56224
51228
15438
63745
44436
11201
60650
45191
16885
57617
50638
19635
62884
48930
13975
61266
53433
17646
62959
48891
15585
55955
51723
8440
60222
46314
13462
64357
51919
7574
60190
46273
16270
58422
50675
9784
64153
43601
17366
58007
41028
9650
62645
51666
11227
58194
47968
17061
56135
44201
13249
62284
54653
10414
62318
40945
7812
59189
50914
19920
64131
52828
17823
58747
47591
20373
63313
48720
17862
56178
42074
14634
61654
41959
12450
58787
55014
5279
56726
51403
10546
57660
43220
6768
58070
50055
16474
64409
41697
12228
57969
46573
14286
56789
47590
16332
64544
54851
14676
55925
44302
20701
61652
45564
11651
62704
47189
9810
61471
44507
18367
64131
45250
5136
58417
47622
14392
58391
47070
6285
55073
42104
8514
57404
44882
14732
56959
46660
13772
57739
44932
5161
58191
47047
9741
60716
47433
9335
61164
47881
18213
64228
46344
19323
57424
48609
14651
63987
46653
10511
60493
41199
19280
56723
52234
10098
58684
53399
14298
60063
44474
11208
60978
48268
16257
60902
41140
5008
57312
50320
11004
58875
45720
18547
55405
48372
9541
61641
40769
19168
55073
54428
14627
63180
45516
12328
64622
46422
17403
57846
41457
19135
56362
44627
14344
62710
52403
10050
60295
50939
20224
60026
51836
16184
59455
46386
5988
60955
49141
7665
59335
40672
8810
60446
43448
9957
55979
43224
17379
55213
49355
16963
56645
45497
16893
60621
45223
7253
59115
43971
9255
64484
48013
19166
58093
53338
20635
60232
53124
20655
56606
47003
16958
56212
47507
18810
56761
53653
10819
61424
41790
13091
59065
41314
8704
62876
45184
5523
57273
44037
5225
59374
51765
14700
62901
53966
7731
59078
52740
6328
62001
53311
7315
61328
49329
11032
58273
44809
10069
61574
48054
19643
34048
58114
54246
24311
57432
45736
24776
57330
44740
24356
61837
51870
26358
57405
44108
27259
57150
54512
29476
55101
50611
23128
60309
52415
23448
60632
50341
33154
63464
41549
28281
63663
42983
32918
61025
48351
30629
60469
53536
28016
63593
40827
30258
63653
44114
22380
55355
48766
26738
59064
44154
25793
57323
42194
28827
59353
44682
28687
64083
45851
30306
61916
49567
23395
60948
45223
26756
63015
45598
23120
63436
41192
33144
59209
53337
29493
64699
46834
22280
64059
41665
29384
55782
54342
22727
59761
45498
29922
63930
49277
31524
63549
45192
22494
58379
44392
32859
64428
47409
30876
62706
52257
31205
59997
47720
28702
62250
50592
22518
63462
40677
24414
59070
50089
26400
60599
45001
26367
56539
46812
25251
57223
22126
30125
57718
21070
28587
56847
21968
23373
57469
20830
32648
55249
22142
26081
57271
21418
32657
60219
22188
25219
57539
20883
27775
55103
21003
29245
61572
21667
31304
57253
21069
33723
59749
21779
23541
59449
22034
26153
55550
20977
32570
56593
21676
30935
62985
21888
26214
60630
21656
30515
57921
21783
32826
63687
21176
25649
58760
22119
30039
64404
22062
24141
64066
21834
24888
63765
21704
26663
56616
21091
22620
58461
22003
22497
55961
21614
32427
61574
20985
26162
63975
21995
33204
58171
22092
27300
57908
21696
29613
63997
20929
26315
59571
20797
30411
59915
21987
24258
56672
22083
25055
58920
21580
29654
62768
22003
29559
60379
22098
30661
58684
20932
30988
63060
21426
22287
61438
20743
30396
64409
21227
32367
58191
20761
24823
59525
21003
27532
57222
21673
33209
61245
21189
31259
55482
22185
27540
56652
21301
24311
60383
20972
33796
62400
20835
25779
61891
21843
27691
58460
21753
23209
59120
20919
27147
62220
21110
25591
57252
21945
33539
56063
21863
33253
63451
21265
27142
62320
21113
22995
20850
44506
32830
21933
47928
25422
21828
42045
32603
20816
42706
32822
21209
40907
24084
20769
48752
26252
21291
44917
32937
21562
46467
31637
22015
54867
33143
21874
44113
26866
22209
44777
25838
21931
44322
33080
21308
47495
29064
21429
47460
30770
22001
53698
32102
21437
44229
22312
21014
47432
28647
22216
45931
32604
20902
48134
25327
20849
47343
23819
21837
44858
23069
21191
43024
30939
21034
51707
25904
20808
50477
26316
20895
44678
24040
21706
41655
29786
22031
55031
31216
21172
53484
31249
21677
52359
26291
21540
52566
30232
21446
40659
34276
21191
42884
22810
22097
51144
22984
22073
40515
27957
20755
47255
30470
22061
51049
33150
21142
46046
26273
21280
54996
33812
21462
47913
26985
20895
50863
32705
22017
48635
31833
21496
44961
30929
21624
54901
32582
21997
49785
27910
21655
49735
22274
21962
43487
32246
22228
43892
32360
21399
42691
31862
22147
51728
26623
22049
47588
30677
21691
52647
29089
21170
50007
26040
21607
49640
24057
21581
42849
31190
21688
42737
27908
21857
49591
28482
22094
45249
30405
22083
45747
26618
21153
41691
26805
21133
42593
33685
21288
40604
33659
20831
52919
34061
22077
45360
24365
20750
42261
28003
21296
43412
26764
21562
50027
28911
21030
44476
26023
21674
41277
31670
21460
53800
28666
21150
52978
26288
21007
46312
27884
21807
41026
30725
21523
42094
22769
21713
44840
26749
22077
54354
26837
21487
48202
22277
21200
53761
28524
20844
48692
23836
21609
42226
29491
21646
40861
29532
21745
47864
28898
21650
43784
29743
20986
43870
34220
21095
47281
24713
22117
51174
29846
21398
48610
30987
21580
53244
34288
21249
52554
28594
21170
49656
28205
21272
42018
22350
21999
53877
31786
21763
42632
33502
22075
45569
30180
21721
48858
33427
21923
43267
26388
20991
41627
27171
21979
47762
24220
21578
40458
33039
22140
42162
32189
21500
47919
27531
22015
46189
30957
21110
51663
27105
21501
49949
27787
21693
52886
32205
20821
43205
27753
21177
44642
23547
21383
53566
30713
20826
42686
24460
21566
53770
32547
20915
54224
23753
21299
47427
27463
21790
46350
28497
21794
46437
31011
21751
46544
28321
21068
43783
34049
21798
46251
24812
20865
42628
25210
22227
48690
27127
20868
45588
26335
20889
51859
24613
21498
51851
25238
20756
43550
28970
21550
51647
29239
21807
44686
33520
21930
47088
23075
21239
54444
31215
20877
53352
30525
22177
41497
24299
21585
42068
31977
21017
51941
26628
22070
45944
26226
21441
47763
31202
21825
44013
33592
21810
53851
29663
20909
44285
26840
20869
43422
28114
20926
46218
25186
21279
52086
22490
22214
41642
24579
21309
45970
29546
20946
52288
28665
20893
44590
26753
21944
53417
27140
21515
54091
32400
21859
43672
22989
21184
54292
29502
21266
54702
26442
21010
44146
28800
21999
50969
31088
21059
51490
28432
21300
54431
27030
21314
45025
31138
20983
46739
27342
21565
53301
29481
22003
40687
32130
21216
42974
24374
21364
48592
22564
21714
51011
32030
21042
42024
22877
20746
45433
26983
21521
49384
28601
21761
54071
26569
21959
46949
22461
21983
48262
27887
22080
45624
25050
21429
48069
27522
22025
46171
30967
21454
48143
27003
21153
44491
23045
21294
51623
27851
21100
41533
26878
22004
41078
23436
22178
45173
30604
21214
54437
23837
21892
50245
32800
21250
7052
27851
21334
4717
33066
21002
10804
31167
20974
17493
29013
21559
16899
31918
21287
6580
26546
20892
5682
26382
21824
12244
29145
20895
9857
27761
21630
14131
22694
20948
12254
32268
21825
7750
22686
22271
9817
31827
21438
20013
24560
22061
8025
31506
22010
16454
22429
21269
6678
22607
20966
6451
28879
20914
18930
22606
20944
10351
27944
22008
15110
29391
21348
15219
24425
21612
5879
30379
21003
13933
23560
21790
16102
30241
22089
14106
33448
20800
18734
28475
21328
12177
24015
21006
11003
25064
22257
20062
30629
20945
16464
30466
21979
7136
27741
21771
17898
27202
21350
15347
23723
21270
8510
25511
21985
16815
34210
22111
9170
32331
21251
18078
28096
21191
15741
23767
20851
18018
29383
21898
9215
23854
20933
7940
33160
21826
6672
24424
21597
5396
24969
21268
13583
30188
21804
20637
24774
21401
12837
31257
22070
15643
32481
21523
14624
24302
22201
16184
34202
22090
12052
31955
21418
6342
33257
22105
14911
23875
21748
5342
33271
20903
9439
22764
20766
16123
33143
21657
14038
28366
22046
11658
24283
21237
11738
23882
21123
8968
30739
20964
19023
29300
21194
13666
28053
22015
10129
25214
22135
12737
24369
21287
15807
25023
21981
6336
32238
21660
18390
24333
20843
20429
27707
22128
20208
24623
22219
11791
29855
20935
13614
23418
21177
7431
29967
21346
12320
31611
22253
18867
28707
20969
5423
33692
20835
12178
31739
21799
6485
25084
21100
13860
28614
22223
18056
31463
20838
12955
24018
21460
6010
32044
21918
6517
24045
20877
9830
31639
21388
10038
32368
20771
17179
29612
21611
19972
26664
22258
8829
28449
21728
9837
32275
20838
18655
28670
22094
12083
28131
21917
10993
28263
21082
19431
32915
22017
18713
33989
21635
5163
32824
21349
8748
32560
21482
19785
23302
21811
18207
22827
21057
18300
28653
21887
18070
29326
22239
14882
32809
22232
19263
33154
21038
16589
29622
21157
7602
26317
22188
9893
27257
21917
17643
23238
21749
19150
27246
20802
12447
30127
21621
8138
25398
21840
4959
33714
21905
9718
24626
21026
11465
27077
21025
38369
28953
21089
34917
25712
22193
34802
26506
21146
36106
27657
21409
36803
31633
21466
40289
22753
21993
35706
24085
22087
35895
32804
22153
35481
30183
21173
39406
28116
22253
39291
32014
21229
35003
25177
21489
37349
33028
21625
40251
23594
21325
39448
24180
57374
22262
33876
58862
21391
31750
56931
21477
32709
56388
20961
23828
59471
22209
28804
56597
22220
32942
63542
21740
32863
58767
21954
22649
64058
21400
27230
60830
21983
32967
63033
21523
28140
59715
22159
33827
60902
22060
32840
58360
21116
29393
58468
21022
33406
62898
21968
31246
56114
20761
33818
62961
22021
31492
62531
22017
27610
58459
21877
26431
57215
20770
24131
56193
20858
30263
62868
20996
27370
61740
21396
27707
58613
21122
28801
57545
22121
32424
60501
22006
26933
61114
21384
26535
57694
22211
24373
55432
22107
29454
61167
21509
27322
56352
21683
23151
59685
20974
24094
56563
21992
23167
58314
21666
26126
62418
20771
33223
57644
21190
28636
55824
21792
26106
59170
21434
26107
61330
21978
23784
58514
22144
28847
60738
21302
29493
56168
22138
24365
61883
21469
30370
64726
22233
24036
64337
21477
31176
62090
22044
23599
59566
20968
31428
56372
21457
32858
64764
22133
29904
56800
20874
24034
62334
21154
28328
59486
21907
34251
58657
22227
32470
61846
21466
28796
55788
21444
29076
64257
21881
25860
61635
37159
28851
64652
34969
34182
61735
36820
24057
62754
37863
24958
61567
40014
23361
57178
38575
33762
56099
34844
23093
59054
35171
30676
59474
37947
33398
58769
34726
34302
57020
35685
22779
58640
36932
25620
63299
38026
27222
61883
34719
23839
55961
39522
27003
61506
34421
34239
60659
38340
32485
60474
40328
30298
55677
37772
26961
63596
36919
33515
58372
37178
25967
59508
35333
32567
55595
37048
27904
59326
38414
24672
58074
38798
30035
62213
37220
31042
60262
38737
28257
58322
35954
23884
56347
39311
34213
57105
38249
22305
58108
40229
22758
59038
34747
23750
61497
35660
25668
59009
35842
22945
56714
37464
29777
59263
35011
31226
62186
34697
22568
60240
38659
33957
58785
34818
23162
59476
38892
29817
63005
34658
25937
61706
34876
33304
60872
34639
32737
60210
35092
26051
63671
36757
22359
64099
40384
26426
62405
37471
28417
63275
39649
26998
59787
38085
30481
55865
38542
28796
62988
36936
26745
62725
34586
25653
61357
37137
28622
62521
37689
32648
56058
40168
23609
64234
35461
31121
63024
37194
27320
61278
39001
27116
56948
39229
32045
58702
35605
24460
61795
37217
29349
59008
38614
30337
61386
38945
24078
55655
34536
22681
58508
35481
22776
62711
34678
30802
64264
39477
27158
64338
36726
25285
60940
36891
29353
63835
39764
24263
57956
39585
23945
64417
36512
23274
55400
37376
24783
59512
36015
26992
64516
38200
22286
57474
37713
24012
55813
37983
32270
55921
36161
30503
58381
37100
22419
62122
34585
31967
57184
34976
28992
58994
35529
25062
62617
35906
30124
60251
38959
31432
56857
35032
28766
55703
39793
31305
64121
36227
28948
64584
39450
31200
56318
40268
26485
60082
39170
33827
56660
36225
34032
61096
38733
33866
57276
34573
24140
56823
36412
33744
63915
1167
30618
58258
4381
23476
63791
2074
29503
57814
4361
32739
59756
4477
22434
58105
2346
26795
59395
2932
31344
59656
3370
22963
63446
1295
32676
60064
3440
22311
64222
1428
32027
61006
685
29974
61293
2951
26858
62878
968
27926
56518
2677
24674
59238
4522
27440
64184
450
26108
59482
580
59838
2859
63421
3323
62775
4445
56425
3717
61289
2831
63658
3494
61054
240
61378
2897
57202
1335
58901
4019
58770
4367
56105
2036
61935
3522
59239
2366
64046
1223
63358
3087
62396
3704
64541
2674
56280
1538
56620
2066
60607
792
58198
1863
63819
3100
61915
3697
60223
1350
55593
1189
59446
2709
60537
3961
62100
4044
63138
366
62288
2949
58386
1208
63987
2284
61438
383
59536
787
62303
3612
60592
1374
57358
3448
60426
3894
61164
2183
57731
2207
62828
1269
61126
3191
56320
4559
63277
2112
64070
1231
57874
320
61944
2779
55521
886
59842
2401
57947
143
58084
877
58834
4275
61881
2063
56604
3605
63010
2811
60857
4493
63949
1268
63643
1764
63674
545
63614
2384
60523
1458
64275
733
56497
3105
62151
4600
63935
2982
58578
1106
57225
284
61718
1458
61311
351
58247
730
57401
436
59161
1765
59499
3030
61491
3254
63524
3863
62772
3929
64735
886
59379
881
60895
3663
57163
576
55148
2048
62733
3979
56079
4080
56852
4587
56001
685
64140
55519
55789
57358
64168
58377
57253
56840
59535
55275
63370
56102
56877
55120
58835
62475
63346
56494
60460
56485
56399
58369
60145
57906
58009
62536
59742
58392
63143
60932
57486
60414
58933
57660
61592
64347
55134
62147
60617
63893
63223
58660
63593
60352
56401
61843
56707
56750
63415
63360
55446
62287
64162
60533
59814
56438
62289
64422
56630
56698
55140
58558
60588
57142
62867
63440
56158
63121
60683
57339
56482
59465
22228
63062
22124
61520
21842
57185
21904
58112
21036
56462
21976
63842
21537
55650
21921
58802
22083
64586
22196
63172
22113
64142
21037
63794
21870
59358
21639
57055
22124
59195
21049
59012
21378
57118
21550
61384
21587
61008
21670
62041
21445
62745
21115
61415
21208
60694
21113
62981
22037
55994
22182
64152
21688
55657
21980
59406
21840
62515
21053
64670
21432
58050
21497
55411
21643
58545
21615
62307
21321
57946
21496
64251
22155
55017
63722
21177
53917
57592
22076
51145
62078
20775
53643
58333
21592
50065
56635
21048
45460
55790
22251
46953
62596
21159
41890
55930
21748
42615
60962
21508
41162
59200
21409
44820
56219
22077
46528
58997
22259
46222
55758
22036
51494
56140
21806
42215
63464
21166
45402
58368
20984
51210
56609
20917
49653
62836
20753
45407
58598
21551
45829
60258
21555
49022
59564
21606
50443
64493
21810
51365
63817
21262
41493
61606
21777
42079
59100
21041
54824
62146
21338
46766
60096
22136
51791
59420
21824
49902
55338
20858
52925
55238
21241
47407
55244
21997
43324
55916
20766
54335
63276
20864
47819
64634
22070
52638
61849
21887
48279
60249
21304
46169
56145
22138
44205
56754
21042
46733
62071
21977
49764
55992
21377
44923
57776
21093
45491
64721
22109
51526
61373
21145
51929
59782
20856
45622
55110
20798
42184
62141
21284
42745
62543
22124
46366
62101
21780
52125
62453
22193
42393
62546
22193
46222
62043
21269
46984
59213
21226
48623
55994
21383
52930
63089
21649
44098
59883
21115
54264
57976
21611
41887
55790
21681
44722
61496
21071
48485
62198
22155
48377
63272
21826
52580
64021
22024
53457
60187
22080
51886
61641
20749
48876
62918
20748
47622
58779
21169
47141
59957
21294
54062
59302
22100
48861
59122
22088
51721
63933
21132
45275
62605
21792
42296
64282
22094
52723
62525
20994
51991
55932
21993
54262
55172
20760
48468
59808
21983
52212
60886
21103
47263
63855
21956
51070
57723
21172
46841
64227
20999
44764
56950
22031
41276
55139
21959
48275
61293
21451
44201
62412
21001
51895
56045
21253
54442
55335
20986
49673
58171
22121
43590
58890
20762
52335
63027
22221
44481
60169
21347
41913
60080
22031
41816
60041
21551
48053
56368
20758
52624
57924
20890
52313
58639
21051
53007
58259
21122
44274
63849
21738
48630
62558
21944
51275
57497
21646
44040
57354
21812
49548
55666
21287
51821
59631
21333
52621
61318
22033
50742
62328
21919
51123
61492
21796
49353
59191
21769
40499
63415
20861
53532
55340
21872
49031
61419
21520
46103
56758
21703
44180
57069
20906
50655
61947
21143
44704
57160
21042
54005
64085
21182
52389
59141
22073
45737
62042
21387
48510
62695
21973
49585
63987
21423
52890
58365
21820
52700
63173
21543
45900
58245
21377
52881
57906
21337
43024
60764
21802
53467
60981
21980
46332
60462
21821
43407
64252
22003
49766
64653
21032
52096
62385
21953
41978
61533
22102
43140
60992
22036
43282
58233
21644
41303
59755
20861
47264
57612
22215
45268
55561
21438
52740
63729
20950
44027
64739
21411
42636
55959
21716
53698
56977
21634
44808
64030
21272
41320
61148
20822
49563
62177
21549
50661
64326
21498
41653
63918
21502
47285
61367
22113
54687
58337
22202
51882
60339
21404
45451
59808
21640
50279
60815
22200
52721
55418
21820
44088
59257
22165
52624
58305
21124
42638
63217
21088
49625
63107
22230
40581
59587
21789
51825
56428
21028
44912
56399
21196
43595
57604
21186
43796
56459
22009
41604
59397
21371
49751
60130
21247
46594
58324
21682
40678
64085
20850
54164
59829
22062
42368
59937
21488
52103
58955
22068
44025
55052
21704
45422
61895
21464
47138
55565
21987
47213
62997
21828
53734
60088
21110
46798
64747
21196
54806
60433
22131
42731
56871
21758
49102
57711
21292
54848
63671
21429
51873
61914
20923
54627
63427
21566
50159
64561
22095
53726
58834
22209
43210
57769
21730
49502
62795
21976
43532
61427
22209
42478
60801
22038
50072
61689
21306
52345
61583
20962
52737
64568
21792
44297
58978
21785
46825
60517
22072
48463
60668
21466
49781
60357
20976
51756
59002
21890
53231
60834
22166
48162
62561
21576
41056
58203
22252
49651
62610
21384
51241
60326
21034
46195
58883
20789
53573
57196
21034
51831
61849
21414
53539
61067
20842
45169
56781
22201
51139
63725
21515
42431
64392
22264
51898
61740
22142
50326
60642
21008
51869
58484
20990
49741
57461
21796
52314
63420
21996
43904
57336
21297
49213
56770
21909
49465
55289
21435
50597
57422
21356
48142
58297
20953
47954
55858
21427
47804
60273
21614
53344
62413
22150
49156
64733
21683
40923
58571
20775
44806
64502
21233
54038
61025
22156
43651
62612
21838
45473
60383
21030
42002
56527
21889
48947
61630
21090
54653
59601
21192
40866
63333
21130
41021
60414
21054
51329
55761
21208
54006
64700
22051
45658
58377
20825
48577
64154
21389
51302
58422
21518
48928
61867
21134
46940
58044
20960
52986
61911
21668
44392
62377
22189
50227
55458
20925
42756
63384
21947
52346
63564
21116
49895
59369
21294
44625
56955
21183
52125
60139
21498
42907
62356
20884
47743
56532
22074
45890
58086
22113
43039
62371
21876
49052
56509
22171
48859
57370
21559
46868
62373
22143
47132
56233
21907
51016
55471
20935
43903
55377
21138
48250
60019
20833
47057
64347
20990
45992
62777
21006
51067
64718
20998
44729
61545
21834
47690
60227
21672
53149
57583
21830
46526
58639
20968
49106
58473
21393
54721
59622
22042
47571
63560
22101
51738
56740
22147
45630
64212
20892
42955
64686
21642
42119
61745
21397
42887
58610
21248
43049
62833
21494
53496
62102
21233
53865
62923
21564
48873
56103
21742
54327
61210
21590
42856
58685
21805
46980
59301
21285
45492
60960
21600
51061
60094
21721
53010
58184
21430
48792
61297
20962
54859
58655
21020
46883
62710
21446
46668
61332
21877
53873
62960
21771
49337
55678
21627
46907
56025
21458
42691
61168
20895
52685
64449
22243
47741
64613
21313
53239
60688
21098
53318
63715
21617
40974
61823
21793
41539
59330
22127
43257
55209
20777
52518
61878
21768
53152
62556
21547
41873
56632
21372
44863
58936
20955
43827
58053
21445
53839
60835
22013
41626
63355
22262
53244
60857
21953
48451
58207
21986
45785
57197
21641
42211
58974
20971
48567
62283
20940
47352
63597
21420
46945
57145
20877
43702
56366
21937
42723
61253
21102
51026
60275
22204
54139
57116
21079
45522
62571
21034
48568
63595
21262
42393
61328
21662
46028
61330
20949
41044
56788
21098
44569
57239
21779
48062
60606
20797
45914
64133
21532
49579
60525
22039
49171
55985
22045
49665
61440
21986
48068
59620
21915
49299
63297
20849
40625
61623
22241
50363
59782
22039
48076
57197
22213
45115
60814
20937
54695
55586
21896
50099
57713
20781
53487
62460
21781
40892
59381
21775
49979
61331
22051
50256
61791
20932
45081
62893
20988
45612
62905
20893
49312
56551
21226
45736
61353
21269
54200
63428
21847
50794
61009
21403
52813
58404
20874
50745
55493
20826
48944
57586
22151
46514
55175
21778
50500
57822
21836
46282
63129
21182
44301
60419
22266
53857
58823
20866
46276
56723
22217
51599
60153
21983
53605
60753
22182
44640
61711
21640
53605
55134
21185
49519
58207
20821
49886
64553
21043
51403
60870
21229
42549
60229
21410
46252
55320
21263
48680
58955
22095
45898
61813
20795
40766
60549
21364
46698
62255
21742
46045
61703
22166
49920
61029
21653
41699
58936
21595
45446
62757
21201
52997
55729
20892
43421
57418
20871
51767
57820
20952
52856
62316
21907
48456
63471
20975
43130
64298
21344
46293
57748
21302
53329
58001
22023
50830
63351
22073
45165
58455
21024
41367
60122
21353
50043
59766
20959
48237
64694
21015
46384
60219
21163
40769
60019
21098
53819
56939
21373
51862
64387
22218
47125
63455
21585
52845
58780
22192
46151
64117
20857
41369
57757
21458
54678
58207
21155
52337
55719
22071
44852
56416
20885
44929
59703
21055
45205
63807
21627
41973
61993
21742
42190
57433
21114
41535
58417
21765
53221
58877
21526
49696
59304
21673
44253
62421
21717
50940
56037
21194
53642
63550
21306
53690
60719
21354
45437
56097
20740
47264
56349
22127
46806
57156
21527
52347
62713
20984
53080
55665
21306
50947
56016
21602
52192
61644
21527
49784
56320
21753
43665
62123
21352
43630
59687
21405
54798
62396
22091
51469
59464
21742
45483
58209
22025
42013
61099
20940
47413
59600
21505
49643
59297
21646
46605
62732
21617
45700
64151
21303
44973
58848
21577
46292
55851
20980
48917
64265
21791
41720
57382
20771
44059
59535
20983
49969
59635
21598
51101
64729
20742
42718
62567
21638
47716
64143
20884
52171
59131
21657
46623
61512
20789
50766
63724
21944
45755
57724
21304
54463
55418
21681
42612
63281
21224
45782
57577
22249
53109
56492
21431
43546
61173
22085
52866
61311
21162
48662
56007
21250
43787
62493
22089
44484
57988
21925
45406
55076
22012
44850
55258
21212
40643
56030
21219
43266
59762
21474
52938
58825
21142
41278
56691
21091
46265
61633
20831
40741
62575
20929
44620
62291
22198
41119
59827
21494
51281
64049
21575
49157
64206
21746
49296
63952
21573
53241
55963
21177
54233
59572
21064
46636
60294
22204
45409
60968
21451
51213
64742
20747
40644
63320
21767
46055
57295
21566
45431
62473
21320
43050
60539
21029
50021
56886
21680
52964
59761
22132
53363
60055
21226
44025
61968
21914
54255
59717
21377
52539
57818
22129
42777
55559
21233
54406
64497
21750
43113
62815
21568
51001
60848
21705
51766
59994
22040
49916
58281
21186
50529
57226
21467
49590
56664
20793
53140
64425
21988
46719
55156
21478
50897
63443
20756
54996
61753
21703
48976
57341
21444
53956
61592
21331
48383
55171
21406
50445
57472
21726
47877
59217
21351
54616
58714
22240
47774
57218
21464
46889
61931
22146
47217
60030
20879
51967
59314
21887
54566
57174
22258
54686
55308
21216
40866
57288
20758
42490
55085
21679
54041
57335
21578
54656
61215
22241
51574
58875
22259
53181
59853
22118
50294
63227
21109
42050
64183
20881
42484
56039
22195
49631
64157
22236
50421
58275
21388
46934
57324
20840
45741
62694
22062
54155
57373
21671
43502
63480
21258
41807
60775
21344
50320
60059
21549
41447
62478
21996
49033
63127
21502
41326
58531
21069
46004
57070
20927
41063
61724
21478
46801
61047
22201
51980
63663
21494
48320
58683
21399
51379
56754
22124
44652
60527
20799
52672
62540
20742
50538
61811
21710
46365
62862
21431
41734
60358
21353
42000
61915
22055
45472
61795
20944
48286
62690
21859
43206
63256
20797
46769
57584
21203
54166
59492
21621
53720
60580
22169
52560
64479
21338
42524
63708
21358
19038
59136
22200
11283
63640
21539
10453
58243
21466
11386
56704
21989
11564
55780
21116
9711
60248
20803
13679
60935
22043
20719
59903
20978
18357
55455
21916
11701
59622
22009
7164
63118
22006
17384
62760
21666
10893
56996
21900
20427
59887
20900
7473
64159
21044
6341
61412
21881
13232
55919
20927
6981
61385
21771
7997
55808
20876
5183
55103
21329
4855
63519
20801
14102
56681
20881
12741
55143
22165
13398
55243
21969
5420
58941
21934
15109
60256
21126
5750
59146
22090
9709
61969
21368
18895
57647
20903
7000
64280
21502
18414
59795
21315
13738
60407
21971
13486
58508
21791
8612
55883
22132
15370
55873
20955
8652
61042
21633
11889
58657
20794
6375
64513
21715
10814
63482
21294
5074
55562
22268
17452
62644
21545
19106
57474
21801
19598
58494
22110
15543
55883
21327
4979
58341
21764
14889
56221
21826
11089
58617
20874
11731
55308
21084
16578
61588
21030
19999
64206
21986
20351
57979
21283
14446
63991
21017
9207
64716
21057
12693
62318
21289
4926
27815
61362
21243
27930
55148
21974
24867
56392
21194
23086
64303
21708
27893
58209
22008
33705
55210
20952
29286
59244
21723
27865
63128
21918
28204
61023
21620
26053
60881
21117
23084
61329
21380
27705
55055
21200
28985
62691
21501
24014
56719
21824
23356
57665
21625
27050
55321
20978
25583
64739
22091
27259
64705
21125
23896
60450
21825
26420
64264
21941
27499
58840
21140
30045
61158
20962
29870
63242
21352
29227
21965
14330
23965
21579
13590
34244
22233
4890
22290
21275
12449
29331
21416
20218
23106
22149
8124
30210
22149
5170
33799
21965
5127
23099
21270
15223
33623
21201
9886
23566
21094
18139
28468
21815
14939
23573
22100
10310
28692
21107
17064
30533
21641
8439
31426
21822
9352
29046
22271
15735
27471
21249
16341
32957
21168
7602
22656
21335
19432
32159
21794
8638
29904
21318
13673
26293
22001
5876
23030
21802
14133
32566
20975
15938
28486
21926
6537
27550
21919
7836
24679
21904
7448
22966
21872
9523
26202
21583
7372
32362
21394
15780
29257
21360
13005
31975
21859
8081
29932
20977
7253
29310
22161
13193
32801
21549
19167
25017
21098
8622
20762
9796
40073
22058
6922
38693
21535
12764
40402
21154
15292
39399
20875
18972
37422
21471
12297
37568
21831
9281
35392
21952
18502
40011
22208
9051
39040
21924
9310
34735
21856
14153
36462
21772
20049
38913
21401
17039
37591
22101
8970
35104
21982
18880
39803
22208
17265
38315
21304
17107
35869
21712
6942
36514
20990
18602
40438
20902
4976
40012
22053
13096
38154
22034
12217
39860
20791
9240
37178
21618
7824
34954
21825
19123
35087
20981
17521
39484
20940
13506
35885
21812
5924
40198
21146
18169
39573
20770
15466
40406
22110
10951
38627
21107
5780
34384
20861
5135
39605
21587
12310
35417
21524
9490
37062
21445
6498
37781
21451
14753
38037
20791
6593
35358
22143
12261
36526
21338
6380
37923
21142
10878
39890
21635
8966
40308
22266
6300
37946
21231
5719
39603
20776
8120
36632
20945
12013
37988
21533
10482
34453
21193
9647
34858
21747
18618
36462
21437
6130
34854
20976
9530
34937
22271
10156
35708
22222
11148
37049
21667
16239
35915
22028
12659
37409
21578
11901
38467
22082
12549
37473
21884
5982
38422
20894
10692
37810
22220
10286
39034
22178
15713
39536
21491
8187
39792
21686
11089
35090
21641
6671
34376
20988
10403
35010
22019
17487
38700
21134
19940
39860
21338
11202
36078
20810
7636
36867
21533
9670
39125
21824
14887
35342
21599
16998
36247
20800
18425
38470
21481
13089
38288
21577
14809
35118
21039
14489
37147
20856
11727
38796
22137
12132
35586
21168
10433
36079
21965
7077
37265
21890
13536
36109
21951
15463
34609
20807
17184
35632
21308
14177
38390
21094
16501
39464
21683
17245
39885
21762
12886
36862
21757
10318
38572
21918
15656
37001
21184
12411
38268
21664
6137
36796
21583
10372
34739
21640
10950
35127
20937
6055
40318
21239
8509
39945
20812
18755
35313
21776
6371
36000
21616
6030
36737
20887
15177
34959
22165
9582
39697
20880
10527
34602
20950
16288
34679
21348
14662
34993
21888
13109
37701
21432
18986
39042
22041
16844
36337
21243
11311
35144
20886
10230
37010
22244
6366
39683
20971
19998
39106
21834
14496
40096
20960
7165
36198
21731
20692
39956
22017
17479
38470
21383
8584
38186
21660
7277
37560
21736
5446
40430
21005
5711
34761
22039
7744
35123
22050
12140
39556
21323
5845
38358
21215
6163
38246
21204
10219
35691
21888
10043
40209
22013
11755
35189
21973
20267
34843
21577
12805
36023
20736
10266
35871
21672
18678
39653
22174
17382
37911
21037
20634
35494
21917
15303
38648
20897
5101
37471
21776
17298
36304
20964
15201
35897
21654
15432
36776
21587
6570
37513
21288
10586
34981
20841
19556
38458
21382
10913
37097
21823
10972
35597
22090
5445
36334
21098
7294
39940
22019
12507
39425
21626
18651
35299
21063
16677
34668
21542
12551
35196
20987
15879
39480
22218
7198
35505
21623
18007
37724
22204
11444
34442
20984
19069
36127
22185
9667
35949
21403
9623
36442
22129
16433
35319
21358
15132
34706
21997
7769
39865
21618
19180
39677
21188
17813
40173
22173
13375
34382
21147
8544
36328
21044
11559
39198
21712
5415
40349
22004
16005
36914
21198
9538
38784
21003
16075
34826
21694
17636
35639
21243
8650
34780
22058
8609
36311
20998
9005
38044
21126
7107
40086
21273
9600
35976
21714
18600
36391
21324
10079
39979
21833
12227
37411
20851
7047
36115
21712
19720
39971
21545
8572
34999
21214
13561
39701
21920
12819
39435
21767
11237
39556
21818
13119
36724
21922
12205
34400
21535
15153
39010
20965
12046
37230
21978
7984
37647
21133
20658
36718
21991
12910
38727
22101
12568
35070
21196
11497
37969
21954
8907
37620
21057
7633
37541
22038
20375
39350
22164
11761
35412
21887
15257
35965
21918
4937
37597
20858
19877
39920
21454
6377
34862
21115
5742
39681
21606
5586
37649
21332
8528
40056
21647
13829
36093
21712
7430
40240
21382
9882
35637
22032
14911
38182
21298
16686
37613
21887
10711
35951
21249
19752
39589
21171
16794
35737
20869
15062
35230
20859
14449
37163
20786
14154
39087
21908
16998
38854
20892
15331
35359
21669
17175
35360
21485
18924
36545
20769
15336
34628
21920
9691
38146
22111
9691
40383
20797
5392
36234
21398
17103
36904
20745
4753
34472
22060
13404
35010
21386
8399
36055
20984
15611
35404
20922
9979
40045
22007
7824
34953
21948
20672
36075
22208
17524
36033
21445
17188
38745
21360
20243
35786
21959
16517
35350
21171
8956
35520
18310
38561
2699
12391
35251
960
10212
36721
2911
12537
35671
170
8426
36898
2324
12047
39460
1666
5523
36696
826
16781
37026
95
15054
35840
1543
5267
39035
4112
6664
34323
1277
17665
38531
234
13041
34797
3916
12202
37387
740
8056
34365
4603
15045
37267
1908
18222
37652
584
20726
37798
2751
7142
36199
2617
13523
34591
1657
11276
39207
1853
11458
38120
1511
5126
34553
2527
5414
39970
1463
13255
36557
2316
18853
35317
362
17733
37185
928
12154
36418
332
16843
36448
479
18861
38089
2938
19847
36260
1836
9752
37328
883
19190
36912
640
9509
39720
4114
17117
39241
523
7469
39356
4593
7735
36609
1336
10795
34361
2778
16188
35902
3388
19268
39195
1404
16525
40288
301
9206
39168
3560
10438
35009
3348
12387
35649
1090
8627
37500
2387
7908
39037
3476
11842
36084
544
8567
39337
3708
8040
40223
2551
8426
36490
3490
8620
35807
635
5148
39469
3425
18565
39490
1516
22257
18892
39567
21013
13312
38231
20880
15172
36323
21415
15097
34356
21930
18252
35905
22165
5005
35949
21778
20492
38921
21202
12685
36895
22170
9621
38441
21811
18105
34731
21918
17197
36516
21220
18465
35676
22233
9699
36515
20978
10150
38436
22126
15564
36330
21249
11548
38435
21123
13275
38599
21545
16348
34537
21380
19761
40220
20793
17493
34430
21007
6554
37298
21859
8114
34354
21899
6899
39779
20964
10370
37009
21396
20208
38275
20776
5039
37735
21247
19232
40361
21948
8041
35006
20826
14642
35941
20856
8967
39565
21219
13075
37522
20794
6547
38286
21880
19499
40342
21293
6124
38156
20751
16479
36959
20919
19707
35019
22155
19284
37777
22121
17484
39556
20780
13816
34733
21951
18694
36836
21634
15068
37325
20742
6206
40070
20807
13117
36347
21694
20530
39938
21805
13598
36653
20743
10422
36134
21960
15893
40015
21569
6049
36766
21087
18050
35618
21713
9557
39915
21866
12442
35587
20827
11964
34861
21378
18858
37014
21027
11478
34509
21023
7519
38611
21725
15757
37330
20794
20421
37814
21124
12590
34949
21908
7826
37416
22181
18898
38859
21580
16748
39113
21214
17019
37910
20849
5020
38492
21051
7242
34856
20859
20337
34829
22044
18982
38048
21022
6343
39504
21716
5130
40240
22033
18033
35873
22075
16281
39735
21322
8734
39631
20880
5063
34409
21867
13608
38937
21163
13465
37243
21196
6060
37553
21200
8952
37370
21031
19713
38260
21188
17337
35010
20850
12832
34350
21490
10805
34499
21364
7211
37780
22169
17254
39232
21011
18502
38024
21707
19354
38719
22254
13578
39813
22247
4922
38813
21174
8517
35857
21988
12020
34591
21648
12867
38627
21512
6661
39544
21529
8527
40147
21176
19546
36795
21080
20159
34429
21848
15738
35555
21761
13900
34852
22260
16574
36134
20861
18196
38487
21519
13303
36072
21642
13394
40069
22222
12423
39853
21675
4759
35442
21724
6717
40047
22176
8587
38638
20842
9343
35807
22191
4626
36325
21324
17581
37856
21792
4661
38574
22135
12677
35856
21492
14410
636
20847
4734
3917
21956
17631
4380
22083
12179
3286
21263
14866
142
21331
13698
3854
22209
10526
3132
21846
17216
2480
21835
5019
3444
20931
9850
4528
21436
19347
1788
21344
14200
3736
21990
12676
1088
21199
19314
2387
21696
16151
3487
21636
15820
1122
21096
5899
3503
22232
11298
3073
21504
14514
1603
21562
17147
1425
21140
5029
2872
21372
12083
824
21923
4841
4189
21460
6482
4345
21556
6438
2387
22237
14745
1572
20889
15867
3496
21838
15518
1029
21100
12706
2911
22206
14093
2010
21318
11056
4014
21999
15233
2317
21942
16050
1930
7973
3776
9959
4233
19403
1671
8912
2826
7489
2
14396
4023
12100
2218
8064
1101
11920
81
19253
1855
9170
2926
19298
1138
8017
2553
10797
1398
10353
2549
14063
1078
19601
1167
16581
2742
16454
3421
17802
204
19577
1142
17686
3697
8738
2539
10245
2489
19441
2188
13398
2778
1871
13
4209
127
637
3392
3960
3444
715
1192
1572
1392
3753
3902
2171
2486
3988
4243
4011
3767
3772
3974
2319
2018
2467
1099
4287
1684
3986
2789
2525
1502
3195
1618
1435
524
3025
3854
4000
4185
1555
4504
3299
4538
4083
4288
1517
404
3152
4496
4064
3690
1547
4241
1797
3540
3942
1843
395
3035
287
3357
3162
1039
1979
223
3061
2075
3706
1113
288
36002
2032
37426
2192
35065
2710
34816
956
34773
2265
37123
2493
37793
243
37046
3220
40001
4073
37054
3847
40213
4445
38526
676
39808
1742
40400
874
35170
281
36572
3370
38743
2714
39926
4225
35755
4207
36235
2278
38107
1447
40047
519
36632
761
39526
2077
39670
921
35008
4086
35816
3296
37513
1176
34706
4246
38470
1417
35716
3085
35496
2886
37090
1192
36774
461
38081
4457
21532
35513
1870
21067
39904
493
21128
36824
3885
21626
34360
2415
21799
34378
1059
22159
37723
4168
21064
38912
1123
21212
36292
116
22014
35362
1773
20844
40213
832
21025
38304
832
21695
35912
1805
21887
35791
1853
20865
36990
1338
22082
35077
1874
21783
37016
1523
22019
39985
3336
20929
36595
3758
21558
38164
2829
21024
39942
3866
21563
39279
1131
22055
34488
2186
22231
39510
1755
21634
39252
2346
21887
36573
2185
21806
40043
4043
21779
38530
3344
21823
38469
3946
21111
36569
1519
20755
34486
3723
20840
34671
1718
21707
36502
4198
21057
37091
2565
21060
36221
2052
22090
39678
4248
21065
37645
1395
20910
40247
1083
22270
38698
2156
21191
34721
954
21188
38932
4049
22040
38512
2717
21146
40392
3008
21285
36725
4600
20907
35967
1798
21511
36610
3683
21961
37857
3210
22010
34499
3986
20821
34420
1262
22084
39773
2566
21720
35448
1326
21884
39086
3394
21219
36586
3358
21884
37653
1789
21907
39743
2811
21270
38622
3393
21683
37469
1038
21714
35009
699
22199
35229
2457
20887
39649
1279
21523
39591
2209
21491
40029
4251
21860
35775
1524
20954
35742
689
20930
35538
399
21107
36750
3605
20808
37085
303
20965
34421
198
21379
34522
1207
20750
39593
201
21419
37173
2036
21638
36994
3156
22103
36189
1740
21569
36106
1776
20805
34340
3515
21478
39296
2360
21390
38426
2187
21108
38020
4306
21973
38806
847
22103
35287
2275
22198
38578
964
20917
40191
1785
21199
34816
4304
21211
35151
1410
20758
39212
2892
21352
38856
4030
21867
38513
4029
21742
37169
4399
21785
39171
1860
21265
36018
2321
21014
36181
3944
22194
39475
1809
20995
37721
1942
22017
38151
2081
22056
39414
3660
21921
36544
334
21514
36320
3937
21712
38291
3069
20858
35305
1519
22180
37870
3538
21094
38021
4510
20898
34511
609
21766
36283
2589
21044
40307
2834
21776
37837
4518
22092
36267
3483
20954
39601
3133
21544
39856
4237
22162
36047
1501
21858
39928
2141
21543
37626
321
21169
38218
1615
20833
35044
4538
22112
35940
4296
21661
35463
3197
21644
39277
2792
21163
38547
1487
21473
35336
583
21235
37119
2198
21067
36324
3640
21865
39559
4027
20843
38604
2564
20975
34987
3592
21523
36866
2309
20800
38975
763
21261
34593
3013
21699
40207
2153
20823
39120
3616
20957
35234
2954
21347
34975
1888
22085
36546
1677
21790
40288
1454
21585
38097
3626
20825
40268
2743
20887
34424
3664
21982
39860
4346
22189
40151
1742
20863
36358
2756
21425
38275
2865
20856
36836
4251
21793
35307
1197
20926
36519
2350
21073
36838
4438
21812
34701
4068
21357
39296
570
20932
36492
2442
21256
38041
1532
22198
36772
908
21349
35902
1593
21321
38824
4276
21545
40031
2236
21136
40052
1764
20938
37355
504
21857
37066
659
22190
37570
4066
21979
38818
1115
21950
37478
1155
21221
35240
1308
22121
36072
3876
20817
38407
1442
21396
36519
4142
21181
37378
1813
22263
34392
1104
22248
36743
2594
20892
43057
36933
22172
55005
39438
21648
43958
39761
21692
45940
36794
21229
52176
38003
22030
44111
37748
20911
43700
40046
22154
40940
37080
21320
45183
39191
20977
48018
35316
22099
42493
36413
21630
51769
36580
21580
52296
38029
21844
50576
37857
22084
44893
38824
21484
47737
34522
22068
42008
35543
21866
51235
38037
22262
42161
38016
20900
53317
39356
21849
42858
40233
21045
51888
34326
22118
52923
40418
21139
46005
39991
22151
53058
40102
20800
49809
37956
21422
51586
36031
21542
49641
39173
21011
43790
35269
20820
45286
38311
21396
44570
35911
21124
49468
35019
20935
45882
40151
21804
50986
34892
22080
46131
35927
22023
41369
35194
20970
47539
35487
20987
49830
36288
20913
49448
35092
20932
52042
37526
21554
46560
40083
21167
54739
38265
20788
54723
37082
21420
48523
38075
21929
54951
35679
22221
41222
34766
21371
43246
40273
21089
50737
40417
21968
43669
34836
22193
41451
39237
21108
48512
38018
21979
51211
38900
22156
53998
37537
22183
46544
36812
21417
53877
35645
22072
48808
34314
21550
54799
37355
21622
48117
36999
22067
40558
39747
21148
52465
37447
20919
44237
37201
21831
44091
34650
21057
45470
39993
21847
44114
38738
21147
40700
35069
21969
44723
39965
21289
46525
38154
21904
54643
40369
22238
51624
40201
22106
43625
40083
21169
51279
35079
21674
46067
40365
21999
51128
34424
21975
43445
35154
22234
49014
35452
21489
43287
38304
21511
53562
35275
21549
54266
36752
21014
50450
34578
21157
52540
34581
21928
45993
37624
21332
49454
38783
21641
48879
39247
22130
51495
34969
21056
48538
39643
22257
47406
38866
21362
54874
35022
21456
49671
36949
22011
50138
36240
20973
52416
40294
20995
42866
39728
20827
45911
38030
21735
43783
35599
22083
52433
39699
21900
40607
36538
21177
53499
38217
22076
45805
35098
21810
43279
39685
22049
49182
40286
20931
42397
39477
21612
49707
34989
22056
42282
36612
22179
43019
37483
21310
47642
39947
21702
41285
38183
21158
53404
38948
21706
40613
35734
21828
43195
36821
20870
46828
37994
22119
51262
36674
21341
46482
35916
21592
47265
37469
20873
48345
40434
20891
46788
34903
21294
44555
35717
21601
44018
37191
20805
53513
39013
21447
46268
38993
21515
42973
35200
22128
46200
37041
21827
53689
35981
21718
42491
35956
20986
46828
36787
21922
43353
35643
21143
41756
36230
21740
41992
40063
21020
52425
34502
21918
45938
35320
21213
41510
37055
21945
40754
36509
21986
42404
40060
21366
43044
35325
21994
52390
36210
21670
43404
39818
22096
50367
39866
22149
53568
37424
21412
45980
38594
20976
43236
37625
21812
46029
35172
22138
40916
37998
20818
43249
36710
20777
50314
38814
21428
48918
36889
20773
50501
37018
21031
45569
39056
21625
49426
39929
21580
47929
35713
20986
52451
39822
21542
42181
36824
21216
53329
35017
21396
51850
35695
21241
42416
37094
20830
52399
36509
21564
47634
37685
21008
41514
37456
21715
42068
40412
61908
21056
49602
62418
22102
53344
64580
21803
43065
62677
20936
50494
57736
20937
48714
56280
21050
48968
60061
21708
42457
64405
21559
50865
55824
21643
45193
64656
21662
50546
64180
21473
41516
60723
21400
47898
57006
21404
43731
56391
21211
40947
59353
22191
54656
59298
21009
50068
55830
21395
46188
57615
21308
53328
63222
20978
45675
59142
20843
53062
63791
21270
51815
57023
49976
38677
63891
46406
34334
59617
51362
36935
63263
45335
37140
55317
51513
35774
55311
46941
38238
58607
47645
36205
55362
47561
39474
64463
44834
35293
59681
42769
35615
62723
41796
35887
58518
53925
39724
61487
41910
40065
61580
52028
39067
57997
54243
35795
64736
49078
39420
60124
45436
39598
62573
43480
36695
59322
47186
4086
60716
53778
3066
57090
45486
4016
64022
51757
3929
64111
43891
1134
59675
42700
1055
57188
42298
2870
63436
54923
2966
63997
41052
2001
60129
42123
3628
56466
46234
1472
60422
51749
3310
58779
50421
2774
59425
46703
3844
57785
46147
58
64093
49454
2221
60113
42781
3010
59974
48682
89
62276
42871
1144
61848
51042
3912
63270
47838
316
29738
62399
46849
31860
58873
40722
25954
56146
45870
22625
59441
54235
30330
61743
51722
24636
59007
51682
31433
64553
52159
25126
64370
51597
32841
56563
52902
28511
61786
44216
26515
60676
49025
28824
60164
49985
27653
63484
44123
26327
62243
45965
24532
61453
46251
24223
55974
49303
26911
59077
52115
23369
62622
53196
29027
57382
48259
22525
58423
51233
28944
57181
44036
27476
60637
44945
24138
57707
47018
31110
55104
50626
25093
64182
41528
33841
56752
43342
33534
60336
51301
29237
61073
44881
32076
58633
42262
23852
55971
43986
28225
64636
45055
25677
56643
44184
28442
58618
42011
25054
64085
51338
26409
63070
48891
27306
62934
53322
28676
58702
49055
25143
60117
48337
33150
60035
53887
27180
58580
51935
31058
55490
54319
33696
62479
43356
29664
55126
52517
33635
56209
46424
31350
56852
48693
31499
57393
43305
29382
59075
47165
25491
60397
50917
29995
60454
54727
24346
60216
50576
23684
62249
50934
32459
62797
47144
29051
56147
49580
23082
59084
50123
27253
55284
49147
25838
58153
41824
31760
63984
51355
33090
59788
45773
28444
62505
43840
26764
61133
47980
24648
62509
54528
25699
63521
41234
28652
58572
42744
22551
62319
44349
32674
57326
41118
34301
60589
54709
32468
59643
41946
25740
59546
51178
23570
59947
43948
29471
61473
53254
33764
58741
50129
32556
61237
53668
24404
62793
50112
23592
56637
54043
31418
57916
49114
23293
63712
48267
32541
60874
47721
32718
56461
45276
25721
56118
44552
29356
55262
41458
33939
57550
46517
23228
63812
47083
23550
56320
49024
25720
62677
47817
28341
58230
52083
24315
64118
43084
33522
62322
48182
28793
59736
47973
33810
63981
45999
27821
61644
51519
31537
60285
50470
26163
59584
50298
31945
55943
43243
27094
61669
43855
28295
55386
46869
30121
57833
43095
25426
59817
45835
30754
59591
43131
23354
55842
52017
23020
56755
53276
30743
57454
46760
27320
57189
49255
27455
57414
41568
32260
64664
42441
26660
63812
51414
23570
61360
48957
23864
60350
42972
30807
55642
41148
28656
60890
48866
25388
61453
50372
